1913218
4117105
4108016
4728032
6645039
1363451
1487575
1490383
1332748
1362241
4107712
1488978
1984810
1591724
2556119
2071714
1473773
4103391
1741034
1827015
4118146
4638943
6702100
4680642
2213460
6634613
4692075
6701125
6537584
2879942
4105403
1984954
1485288
4112037
4684725
1820878
4111324
8413
4111593
4687556
4640512
4640667
4639515
1485416
4113064
1487493
1491936
1830410
4109875
1485618
4113042
4116493
8118014
4639137
8104590
4112932
10052687
1361189
2460579
4103472
6656050
1986602
6647337
1468683
1484997
1326862
4103858
4687714
6948358
4107041
1506704
1420195
1323786
28617
2271801
1347431
1382124
6531552
2016094
1550385
1558863
6103031
4682588
5390237
4683049
5793630
6194527
4634623
4693035
4116486
1485588
4115448
4727702
1490072
4112468
4112940
2172397
1406442
1485049
4106812
1487145
1312441
4697609
1486056
6682279
4635377
1488845
4695145
2345373
1995270
6702171
1967258
1488435
1488382
6569099
2535443
1392292
1416092
4107269
4727237
6561796
4680922
1485933
1490908
1486201
6640044
7866488
4112243
7881166
6642824
4681306
4115536
8508339
5079004
1476839
1487731
6471260
33701
1999223
2211532
6145815
6240056
2069828
4107721
5865643
6223820
7821655
4120071
2915213
6422051
6274609
19614
4728274
6392790
4109222
1489101
4689833
4116131
4640854
4108432
1733207
4104315
4118264
4104034
1827073
10451617
4682976
4116892
10510461
1484834
10449753
2194459
1420889
1741705
1427019
4701800
4106701
2198816
1733620
1486998
4115788
1420167
1385525
4722234
6556365
4728138
4707456
6818737
1426610
4108818
4109777
4692816
1484888
1525184
1815949
4103516
2208443
1486879
8801957
4691418
4634418
4681894
6643144
6568733
6640071
1490538
4704943
6644340
4641637
4108956
2145695
1420894
4116800
4642503
4697547
4691953
6960713
28687
5408666
31398
3626145
5337398
2879675
9089169
5109432
6196424
6353692
41368
6448506
6278291
6226027
5954759
6388531
3624515
4691133
5755252
7034984
6170530
5322348
4703259
5451774
5253370
6073369
5980375
2810046
26144
1486443
22475
17322
6501109
6198771
6116955
6286709
4642241
2877301
6198545
6069853
6100948
6549304
6307317
1487884
4119098
1485623
1316009
2238262
8109261
4117425
4638221
2214356
4640578
4634506
1486549
1599755
1923195
4679531
4111161
1485258
4108547
4103625
4683190
4112819
4705854
10576578
10505865
7860888
4108486
4727997
1489579
6568824
4727214
10561593
4121956
10693640
10629803
10647723
4678858
6623770
10511086
10505151
10518742
10456147
11512980
4679822
10561674
10575447
10565168
4691846
2537424
6980197
4108331
10456147
11512980
4679822
10561674
10575447
10565168
4691846
2537424
6980197
4108331
2071239
4728306
1329124
6561916
4685313
7866490
10756427
8780359
1330885
8779835
8782513
6567761
5780728
5206084
5372070
5237158
5657002
5941377
5884136
5425102
5924717
7589758
6648176
11507531
5850014
5635629
8677315
6213646
5088368
7281188
5188259
5121689
5830799
5375301
11693
6195229
5317368
5406920
6260402
5680483
11739368
5558682
5542644
6107126
5712107
6322429
5563518
5680561
8712726
5761677
5945005
10211808
5282440
5607901
5121217
46229
3573255
7495174
5430621
5479609
6401530
3891059
31230
27563
5670943
5255755
5435199
5911389
3625764
5144231
5056033
5707398
11490691
5527187
3595196
5396360
7001452
32020
4936513
5227843
5387925
5193192
6145843
6027053
5293027
5758035
4056865
11492857
5545983
5130928
5072057
5479596
5997879
4890520
4937355
5439740
5760885
5121270
5912233
5267249
5399907
9377878
5916203
31538
5396361
5923139
11298792
5521932
4783512
28885
6030642
6176776
5200979
3155234
5113767
5273480
5976593
6119291
11299146
5404401
7000660
5559980
5232681
5718205
4911002
5054941
5093183
15281
5773521
6158364
5227729
5543422
6357259
5398939
6489779
11689815
10202425
5143550
5636684
6508760
5677519
10215755
5545987
11690158
5226610
4756420
7129574
5660044
5746586
5939215
8238804
8704972
6433003
5096210
5898084
8615109
5632213
6013186
10869656
4877212
10206691
5177795
5953871
5314320
6022148
5968672
5420393
5752390
5584378
7961505
43586
5392182
5183948
6275566
5587339
5351072
5674915
5896998
11487421
10209213
5385283
8585356
11556834
6147174
11703270
5634644
4774242
3652281
6754646
582
11679361
11248597
5420728
5456501
5998976
5179712
5918918
5695184
5349888
11299475
11700876
11267674
5054955
5843578
3626249
5333435
6393542
5025025
11921845
6382148
5108664
5140456
5277946
6025171
3574321
35607
4917706
5384673
35976
10199773
5691962
5101917
6267948
6418247
3923957
5657125
11652981
4777100
5143322
5079509
5260465
4121950
5321214
5531025
18106
11299358
11624472
5170
5842639
5866132
5678458
5869950
7329505
5199892
5135129
5177471
5289536
5121856
5410300
5563255
5596982
5525470
5409412
7047165
7000136
10217593
5411231
6233986
6211501
6237253
5834272
6373934
6376373
6012769
5984325
6015953
9322597
5742218
10215182
10314207
11702688
8276826
20008
5193701
11922074
5683035
8805329
5583537
5715304
5381198
10362722
5261749
6436111
5365117
7048283
5561641
11296772
3625585
5705337
5160526
7283993
5641425
5861990
5135158
27488
14858
27245
3952520
2680421
5261
5786787
5804240
5765046
9768448
13340
10215060
6537600
5438005
6369172
5278340
6240619
5780386
5883698
6151454
5676349
5669248
8723124
5950241
5140978
5141053
5293908
5093745
5201982
5284184
5162012
5105884
5069623
5093406
5065608
4981901
5097510
5027263
4788871
5803348
5773249
5909671
5980211
5927048
5927413
5755743
5761241
6033263
5634881
5567053
5596788
5602599
5686695
6268131
5392183
5627351
5460347
8475364
10689
11942055
10203571
5407825
11715350
11720504
10209170
10211984
37817
3589376
9466
3626134
26747
6183933
11461409
6211794
4813296
5194721
5026816
11460912
5100626
32550
6286803
5222138
4815105
5141918
5836926
11461475
5646357
5858599
24338
5398159
5782687
8716725
11297313
5690907
5008570
6454913
5035433
6020658
6074
5060370
5424263
10217322
5781226
5246790
5630076
5923631
5877677
4771600
4865293
5588317
3625773
6533070
5065048
5125289
5095008
5738522
5047766
10210407
5175849
5106173
5111937
5159433
5271220
5273476
5138439
5153707
4771452
5600031
5422497
5446045
9115496
5747389
7726722
7238845
11299813
5143330
5820777
5563165
5865767
6003475
6412252
5370508
5641025
5687206
6251750
6311358
6531318
10201446
5470645
5187655
4998368
5199796
11703366
11715618
11298155
11461180
11713618
9193404
5854202
6032929
3625260
5063111
5763715
7627654
5260477
11462050
11637869
5940250
6377751
8409836
5837928
5341609
8774530
5661772
5857021
4019100
5775348
11460212
3874418
6924098
13958
6028440
5041799
6165261
3570722
11458596
5400691
11604147
6426025
6223587
5796898
5187174
5162011
5163490
4813288
5263497
5268633
4934638
4962152
5177470
13968
3639138
5908598
5685741
3926518
5347860
7000750
5247533
5354134
5860885
5777109
6534497
5517867
5696262
5735556
5846214
6028911
5907025
5797581
5257753
5889522
5783138
5552228
5752840
5409699
5617265
5603594
5493176
10201459
32584
22483
9747871
11930956
3581459
11481440
5940665
3652300
7746724
5392119
6401150
5054991
11490683
7139885
11477388
11043
5890332
5435993
5171956
5169926
6907970
11703279
5394860
11869742
6094274
5178480
5906559
5303405
4899967
6426107
31927
5596506
3866964
5897446
11949550
5382299
11925156
5305956
5053717
11702886
9240718
10220106
5990790
11451868
11686552
6019966
8678344
4886939
5045471
5092580
5142918
5775107
5437636
5830113
5941276
6493512
6510677
5870133
6032913
6022162
5985313
6167054
6198206
6306986
6321945
5597689
5429456
5443624
5104621
5390657
5234338
7210761
5591273
9005965
10224494
8629388
8711683
5077592
5263163
6507587
5592689
6182296
5621343
5385018
5719992
37628
11297916
3375
11945341
5500292
6157760
5717791
5905652
5911543
5036807
4008089
6025459
7297831
5350512
11459539
8995958
6307996
5417604
11921872
5389392
11461863
5332757
5503528
6274553
3661258
5781907
5745948
5997223
11697050
11621870
5647127
5382648
6088774
6333964
5456403
7349922
5498659
11650456
8792509
5227320
5734176
5166583
5623524
5623050
5162369
5498705
5372599
5393571
9322586
5925746
3652280
6247475
11702228
6499445
5038841
6008764
5525576
5393585
10202948
5317596
5961680
11462703
5397272
5248804
5067595
4897518
5831858
5927050
5839624
5525351
6545225
5290464
6366531
6466916
8588667
5459634
6117937
29188
5419536
6355053
6383304
5752925
5270719
5193218
5327027
6302558
5352457
43577
11870411
5649990
5097590
6265883
5912256
6021368
5055796
6167708
6542957
3096
5693356
11687839
5727018
5665476
8678360
6222624
11299477
5587347
5960474
5655361
5622190
5102096
11159857
6522538
5751938
4887172
5261481
4768010
5769229
5680270
5584173
6028939
6017201
6244755
5730526
5546722
5584297
5410824
9265030
10204602
4933251
5825157
5799314
6545216
5820746
5491285
5625362
4924336
2880769
5274353
8476324
5527318
7759299
7092191
5426302
5538773
5395944
5419553
5132819
5398430
5793739
6101860
6013448
5630490
9738996
10996169
11920309
3626061
5448121
11248896
4780975
5819652
9752877
10223096
9612041
5130433
8607713
5126849
4782757
5134230
5907950
7010602
6991024
5477674
5516624
9742318
6425696
5646123
6213728
45292
11280668
7499678
10866431
8333729
9059982
32092
4116202
4114716
9499221
8868842
8451434
6678467
6510812
9522836
8333727
10059225
4107396
2235764
4683677
6571471
6632929
1335566
4686022
2355278
4109727
6569141
6631278
4727618
4103434
1484980
1490673
4118642
1405613
4680364
4113458
4112076
4641967
4711963
4733921
1986503
4638337
1479445
1376298
4684568
4714918
6818358
4710244
1481254
7062399
6817901
10693795
4119757
6568315
8774936
10727022
10749397
10694630
6648175
2110267
6567726
6556386
6701032
6638679
6568049
1489037
6555902
8779833
8772264
10776429
4682587
4727116
4684569
6641399
2463539
4691473
6635269
6569154
4727996
2467985
7847025
4685930
4728199
10782945
6966255
6640249
6571035
10783012
6637078
10694832
6966542
4727547
7881100
6658748
10782515
7879846
10778004
4727070
6949568
4701802
6949566
8772374
8767795
7844634
6557240
6648173
4733501
3714494
3191153
3417388
10250365
3700920
2633515
10310748
10281695
10379565
10350414
10378656
10314330
10323274
10384505
3550306
10217865
5877231
10224250
10224328
10292191
10354840
10321110
3876487
3488769
3901247
10253806
3879945
2633451
2661647
2617121
3400370
10378783
2587415
11706891
2581047
2637612
3586999
3438324
10251988
10253998
10290804
10348871
10375006
2581076
3041262
3604604
3264169
2616694
3693621
3725111
2964508
2705928
3879712
2757797
10246565
2698162
2742133
3268147
3437949
3047142
3842980
2831120
2948020
2821216
2766641
5138502
2654030
2869379
3001652
2741259
2907708
2967956
2946695
3008461
3554045
3023170
3502682
3342827
3606297
3624471
3212852
3366650
3337052
3288261
3322683
3371690
3313097
3335258
2680804
2828126
2854456
3114316
3029806
3045763
3192428
3029060
3021847
2735609
10378907
10384520
10346117
4094140
3832514
3799833
3754940
3804889
3756408
4099499
3830287
3001590
2908368
3549946
3527269
3025315
2598491
3047348
3035122
2662437
3565151
2706361
4071862
4086586
3025432
3068385
4075269
4089105
2849756
3035750
3583992
3464980
3055784
5970570
3653408
3277412
3029485
2938789
3378171
3552420
3317994
3514107
11710331
2968784
2617412
2962311
3564084
3719459
3179655
2725665
2611831
2585217
3312022
3284651
4046707
3914732
3968050
3936500
4053284
2782197
3184225
2616229
3037815
4093489
3412639
3811853
4030761
4100010
3850567
3556132
10218291
2962501
3702994
2938323
4066244
3069696
2825645
2963664
3572601
2824919
2826482
3626252
2837643
2663154
2822786
2827122
3046895
2938278
10381232
10377826
10350045
10285934
3201638
2667249
3263886
3352508
3297053
3372365
3396784
3325910
3464915
3001361
2963026
3996101
2957575
2961522
3059000
2955007
2824860
2949640
2936961
3044316
4036636
3986201
4019215
3428106
3571193
3552363
3995201
3030761
3488760
3873942
2829401
2830963
2829996
3584244
2707579
2823826
2645609
10246644
2822011
2673412
10217970
2597945
3145141
2851673
2663936
3853247
3873498
2938480
4090714
2950776
10374890
2829850
3366003
3230714
3628336
3899005
3139615
5279869
2598251
2822550
3068069
3948367
3859089
2735606
2882035
3987731
4083206
4078288
2823544
2826137
3022486
4095549
3530343
2944428
2738487
2830303
2668725
10315222
10349686
3062001
3038124
2676618
10377684
2605057
2582856
2962542
2966293
2967872
3037020
3041970
3003817
3027945
2770618
2958080
2991865
2831955
2636179
3540863
3366067
3488922
3562928
3438228
3473363
3439900
3365862
3371640
3195605
3329464
3317885
3018168
3142694
3495629
3370777
2698951
3495440
3289293
3061656
2849432
2821623
4093069
3044451
3283468
3564011
3323378
3778664
3583472
3686587
2580457
2617095
4011412
3565947
3829861
3642726
4057789
4034546
4090264
2689182
3988167
10250810
2905538
3586759
2733707
3957586
2926677
3487751
3060403
2588808
4069103
2726229
2666918
3033333
3063036
2832690
3036859
3320286
3063589
2616703
2830407
2752450
2833511
3615368
2828391
4090362
2825563
4086310
2590234
2591242
2723812
3062023
2950599
3472060
5146726
10222055
10317899
10310297
10221360
10285364
10377215
10386736
10284239
10286044
2822050
2954649
2990453
3037624
2617284
2616075
2912443
2831692
2840622
2870086
2968639
45936
2596010
4093939
3758280
4090586
3490297
3557912
3995176
3779606
3754998
3624554
3755597
3682724
2581889
2963370
3514920
3626764
3439592
3542878
3440433
3573017
3546675
3649508
3464563
3052077
3320942
3276933
3245025
3047745
3879906
2585306
4089978
3059327
2661853
3059711
3057203
3163795
2940650
2832075
2827586
2648916
10209527
10247184
2948519
2830987
2688830
2805217
3391696
3488041
2716806
2666077
2831856
2821366
2963383
3035091
2648907
2616811
3065212
3030101
2740847
3023331
2713303
3951294
3873546
2831933
2833441
10258340
10248014
3439886
10226736
10255373
10220864
5692959
10226607
3360566
2815050
5137135
10318417
10224578
10258369
10220914
10207772
10267930
10314004
10226083
10324235
10318543
10304456
10324461
10315147
10355034
10389226
10379057
10353503
10281270
10316495
10379274
10349576
10378582
10310896
10322910
10225769
10377360
10324526
10224731
10315606
10349786
10351715
10311727
10251256
10220702
10259262
10219903
10395168
3026073
3690634
10222023
2770160
10353877
10318472
10383766
10320829
10220222
10246307
10279672
10256225
10226167
10287917
10347423
10322397
10376619
10385685
10282296
10383602
10315081
10384298
10377010
10316233
10283475
10379111
10317486
10220228
10388967
10283274
10282084
3439819
2911766
10244205
10378405
10217353
10315589
10225001
10245764
10227138
10226852
10223177
3189630
10217595
10221029
3057152
10291291
10347116
10319936
10345347
10377226
10280828
10378584
10287069
10279977
10317443
10386594
10388923
10345063
11704756
11705134
3609782
11706868
11709533
10246233
10316509
10352151
5188037
10257333
3449885
10350959
10323361
10283246
10315684
10387515
10344296
10384411
10377141
10251413
10220357
10247091
3589120
3029001
3438712
3723294
10352526
10380732
10225508
10319499
10282838
10348507
10318480
10355801
10383664
10318806
11713433
3622297
11711458
10226248
10226728
10221447
10247062
10247042
3838782
10258885
10255431
10257466
10255773
5056653
10257653
5644328
10225834
4865419
10217504
2842725
11711735
11711166
5168164
3021351
10247432
10249808
10226579
10245961
10246973
10217332
10248057
10222036
10259534
10282726
10246659
10244370
10223738
10219134
10220512
10217369
10226549
10253163
10315016
10355275
10280833
10343762
10321770
10324548
10277722
10284578
10258012
10310487
10217520
10308998
10282295
10220759
10323001
10316323
10259186
10322320
10374084
10347408
10315789
10324282
10317606
10310301
10374660
10389581
10349939
10347890
10290095
10382129
10319321
10310207
10315921
10323585
10378434
10342152
10302373
10354281
10350608
10290054
10382080
10381586
10386304
10319406
10314750
10379848
10378554
10380916
10388558
10310752
10381385
10379085
10377733
10348441
10374325
10346168
10246916
10384842
10382008
10288029
10384906
10355165
10378954
10356819
10276938
10225904
10388383
10376953
10385268
10348202
10320881
10317467
10381788
10344417
10378267
10376143
10344910
10319306
10250656
10251662
11704936
2617500
10256262
11713437
10251938
10220461
10251586
10224584
10254001
10248926
10218096
10252662
10283693
3554058
3028346
10245835
10226725
10251046
10280937
3032612
10312670
4082470
10253892
10210596
11715583
11707982
10323223
10315391
3037698
10255233
10219777
10220810
10247408
11704845
10389763
11707831
10345113
10283525
10345032
10247494
10319608
10316548
10388232
10385372
10316012
10316144
10374770
10345966
10345976
10346118
10376853
11708407
10253949
10247982
10244130
10279996
10256856
10218279
10250558
10254699
10313708
10279583
10285071
10258887
10322784
10311712
10278606
10322055
10280862
10222031
10283628
10287022
10291272
10319186
10281773
10310247
10312931
10257498
10382845
10388255
10322697
10219413
10224641
10315196
10348027
10354207
10314841
10309109
10317485
10386299
10377127
10381097
10252357
10355450
10323366
10374311
10385184
10317567
10314480
10379431
10315323
10379600
10380656
10386802
10316022
10377187
10378741
10221982
10284880
10219779
10280133
10273385
10277325
10290127
10282947
10281361
10280270
10316082
10356952
10281215
10348680
10347221
10344646
10282554
10310807
10320431
10344011
10316527
10344826
10317641
10278022
10217426
10280613
10256131
10278654
10284780
10255183
10319990
10252865
10226544
10245909
10253004
10221413
10377096
10279381
10379277
10382106
10248069
10344318
10383757
10376060
10356836
10279595
10386877
10385911
10386755
10382308
11707213
11707037
10312958
10387217
10381706
10383368
11713760
11708899
11708579
3047506
39556
10317178
3181064
10257217
10348329
3026742
10221667
10250195
10340114
10247955
10322254
11711586
10378329
10314744
10248176
10256840
10384415
2793033
10255956
10254088
10217758
10247258
10247371
10250863
10256172
10221036
10257563
10225634
10247355
5581335
10252977
10385469
10219794
3055707
10317456
5136820
10252292
10316532
10244033
10255252
10220470
10278520
10323796
10280549
10280529
10287484
10279660
10217982
10256785
10276794
10278048
10314900
10381019
10343459
10347988
10302701
10226633
10316009
10314847
10348099
10352017
10343177
10314925
10316059
10323636
10318487
10344705
10279655
10348241
10344545
10383422
10355515
10320221
10387701
10351780
10315473
10377806
10344934
10378401
10350886
10347364
10340401
10374210
10347930
10280022
10287124
10378513
10354804
10378249
10379333
10386233
10341519
10310814
10343537
10318213
10378773
10282344
10378137
10281832
10344455
10324117
10322522
10318712
10322886
10341780
10347972
10247774
10256673
10246204
10224455
10217984
10254673
10247649
10221475
10315814
10219992
10247049
10289141
10321518
10316589
10288448
10254449
10291343
10278420
10280580
10279401
10250935
10318437
10279867
10254548
10285169
10282900
10352340
10377535
10387373
10387480
10376605
10384598
10383503
10343069
10314180
10387644
10282517
11713185
11708576
10341595
10255279
10244073
10252523
10224592
10251212
10224997
10217522
11711626
11710755
10226961
10255008
10221749
10249104
10225856
10221675
10252619
10285482
10343287
10244020
10281374
10242916
10320663
10255539
11708076
10346565
10253636
11708685
10284240
10218002
10221596
3021799
11713422
10283153
10221986
10251859
10246490
10258308
10256958
10223389
10280460
10285808
10347694
10349334
10380820
10353775
10352380
10344303
10221515
10377050
10383674
10376534
10386441
10389426
10256268
10249169
10251003
10246225
10277321
10222856
10316463
10352253
10319421
10290273
10291456
10352508
10309014
10347656
10246727
10280852
10244887
10255704
10220262
10223321
10226063
10280112
10244145
10282068
10221674
10250191
10276419
10218031
10290109
10283810
10385419
10387442
10383480
10323930
10379161
10317596
10385699
10217909
10282783
10344285
10314658
10342035
10246822
10324500
10382081
10369224
10250348
10319548
10344378
10347132
10356663
10319342
10355901
10342358
10324034
10320926
10379188
10378039
10352624
10353766
10323938
10381384
10282667
10291593
10316203
10317479
11299197
11707118
11707850
10257094
10252984
10246956
10246493
3834497
10245936
10355015
10282646
10224656
10251183
10321015
5125570
10317193
10388892
10343724
10385516
10377627
10389027
10316349
10345179
10322223
10225427
10222364
10241049
10217269
10220328
10221933
10221941
10218281
10225542
10227045
10221410
10309589
10352579
10350968
10314429
10284468
10282689
10226692
10278285
10247364
10314198
10314598
10344860
10224909
10315031
10316150
10344117
10256060
10315467
10320530
10257989
10291383
10324130
10290673
10288923
10247425
10318354
10277923
10277917
10243982
10316333
10380477
10312608
10323977
10375909
10319482
10348054
10283198
10283447
10351943
10247682
10281251
10278501
10280011
10382054
10387706
10377196
10317872
10384021
10388930
10318064
10380518
10276808
10248010
10347864
10318393
10323952
10314995
10387282
10377527
10388557
10379150
10318285
10383506
10374374
10367623
10354808
10322760
10323974
10351501
10270456
10250873
10343572
10318698
10311591
10322072
10324273
10344226
10322920
10221147
10356734
10277224
10280781
10388769
10386474
10376525
10381519
10379305
10387190
10343731
10374351
10322174
10347564
10343504
10387252
10313251
10385941
10377191
10258054
10243552
10224992
10223257
10226257
10378532
11707926
11714380
10252050
10315272
10315758
10351059
11711641
11713266
11871225
4066052
10343229
10218041
10247228
10255516
10251606
10224397
10249461
10257685
10246487
10222047
10378186
10246648
10257654
11706384
10362914
10276497
10383053
10253451
10253059
11710669
10257930
2911317
11870700
10378796
10220657
10259404
10255259
10257147
10290060
10247734
10279505
10254342
10248132
10252296
10282862
10257764
10385812
10386821
10322448
10356501
10381311
10322218
10344877
10225461
10290437
10256209
10378594
10344988
10318368
10289154
10344706
10357158
10387152
11706358
10220458
10312790
10351949
10314483
10349499
10321420
10375695
11708986
10224369
10278477
10217964
10300153
10284831
10311193
10314708
10322906
10378900
10386281
10352306
10384096
10383776
10380260
10311858
10346871
10353560
10322161
10313147
10355169
10279628
10245852
10316788
10220993
10253264
10219772
10281503
10220436
10319906
10313289
10286395
10356547
10387575
10376988
10342827
10320760
10380389
10281745
10244435
10323772
10320136
10252900
10247413
10388245
11714394
3503757
10249577
10251399
11713848
10380948
10258284
10218795
10220750
10257725
10278548
10385383
10349840
10290079
10279155
10276563
10344476
10322914
10311448
10281845
10377375
10385373
10378576
10388477
10279917
2936433
3725271
10246761
11706898
3044382
5456310
4068073
10259379
10278482
10288581
10250812
10288854
10255478
10388427
10285339
10278051
10280598
10250833
10253166
10347680
11709739
3864089
3587919
3701593
3588949
4100084
2630696
2966989
2950741
2954675
2591542
2977401
3366810
3481929
3180964
10224423
10255058
10256261
10221386
10283719
10310953
10282125
10252605
10379680
10281155
10311822
3821866
4089070
3970658
4011861
11478333
3642088
2995957
2986369
3064791
3521439
5529248
10387582
10258275
10244014
10218584
10256489
10276693
10381003
10386635
10376453
10256478
10246855
10219762
10254112
3855020
3126759
3062708
2660749
3403832
4031341
4057970
2605943
2935573
3484860
3050807
2826322
4090762
4864320
10256600
10280081
10345445
10279104
10256615
10353576
10316802
10314843
10254820
10221014
10383037
3669830
5179751
2627947
3380256
2961350
11705063
2949303
4072086
4022330
3529885
3730668
2616565
2824089
3703398
3068345
2821163
2968342
5099397
4066405
3967306
9014643
10349413
10283803
10286811
10252090
10225270
10286010
10324652
10314361
10377984
8932667
2617127
2958740
3439503
3123668
3369657
2826044
3686901
2825391
4094602
2967628
3957202
3682187
2665201
5678397
3622174
2782396
2823571
6653289
10227055
10324466
10316006
10323570
10315994
10324747
10378782
10324058
10374361
10316222
10376289
10377265
2831035
2954342
2787781
10380725
10245111
2829488
2870021
2860102
4070648
3582680
4071568
3729157
3332993
3058203
3391817
2617316
3441058
3715160
3031499
2987383
3062342
4890215
3023010
2900363
7062414
7062409
7062410
6678456
7062408
7062401
7062398
7062407
7062412
7062411
4103080
4105345
5018848
1559087
4104134
5129936
4931900
5790130
5395045
5639053
5050805
5244924
9226939
10776715
4683578
4118186
1386501
4115217
4110278
6106755
4116796
1315940
1538299
2192941
4116827
4684860
5925701
6098607
1463597
2359299
1820948
4692163
2034578
1324658
1463566
6515287
6287650
14484
1487333
4106928
4680424
6641781
1488040
4727760
2180988
4108735
5924732
8478907
5024794
6212940
24548
1559078
1324661
4116996
4728268
7844393
4683450
5336747
7589354
6229364
6168883
5438009
6186453
5299814
6166048
4727018
5305936
1342766
1549999
1490586
2144345
1349801
4697273
5335808
10841254
5830981
5268780
5374040
5167317
6417164
6097522
6098147
5767408
9119480
7533498
5379519
7653189
6223075
5833812
12347
6190278
4899770
5429356
6524911
6449622
5170129
2369
5745706
5092317
3885866
5306851
6025267
2784506
5715266
5142605
5506608
9228733
8447756
6177734
5206972
5180759
5243794
5820971
6528995
5911847
5391147
4971070
2915279
6125977
6287940
6255217
10856870
5365952
5411115
5427559
5729634
7533489
5179187
5843569
5604682
7255197
8691751
6200056
4891681
5693848
2877298
10215399
5138321
5175538
5251970
6425116
5610680
6203989
11297851
5782009
6483889
5568654
5130088
5408217
4868721
5598723
6173962
6391830
6065602
5913497
5402870
6515435
6186655
5967555
11461963
5997230
11461376
5665219
5191184
5762228
5841394
5841525
4773198
5227773
4552
2879724
4914830
6284492
5182729
4774561
6224913
5968821
5853383
3875735
6425109
6390624
5100708
5126536
4928976
5502922
6198891
5916077
5846376
5372691
6497066
6034241
7021375
5175655
6161933
10207490
1347417
3441587
45212
4106551
2879551
6112075
5234832
6000520
5061491
6024946
11298140
5343511
6338578
5363112
5862998
24099
4105193
1489102
6658822
24198
1485441
1470402
6136660
4116062
1371490
6026064
4682798
4116529
2201192
1987212
4121065
4112781
4106375
4105156
4693044
5578284
5848966
5745357
5195831
6324392
6376511
6272933
5841630
6541477
6090092
10786182
7150928
6122120
5811187
5870321
7541848
5421795
6243751
10202557
5112993
6307548
5677147
20838
5451903
5461725
5380057
5350318
3383875
5077887
5676753
5226651
5381069
5408841
6483145
8728164
5145088
6023268
5296779
5794822
6497588
6471099
5759893
5996948
11461608
6278866
5864189
5390658
5072709
5273636
5140602
5380826
5811818
5711573
5975983
5887903
6090399
8591147
6433088
4886268
5429883
5829815
5828182
5755348
5813270
4892404
5245022
10202638
5120728
5933434
5969842
6469280
5420086
5827220
5581729
6199351
6506661
5181347
4795073
4834856
5758268
4896101
5440229
6164593
5376141
4879899
6232953
5142770
7163545
5703407
7591805
6311185
5808967
5685563
6185951
6142928
6402067
6355342
6362447
5399809
5392566
5541761
5053162
5411208
5671388
5055878
3652303
5112496
6102618
6382676
5815819
5754589
5099315
6024576
5304424
5730959
5149136
6456446
5881978
6026311
6146287
5678952
6198329
10207736
6117141
6228798
6412267
5321836
6136639
11461727
6237324
6079253
5842117
7826014
6317252
11297927
8464278
5704430
5668757
11452802
5401404
6540157
2663277
5811934
7188353
6658921
2093902
2228626
4635298
6334656
4121441
6557381
1317850
1486215
1744857
1420205
1810763
1391026
1988108
1356724
1361546
4714699
6323887
4634449
4105212
4638298
1908064
1340736
1487141
1487269
4711736
4727807
1485981
4106881
2031017
1488749
4109766
1490981
1485025
10782569
1392290
6327108
1486261
1490670
4108451
4693986
1488239
4640066
4108383
6641331
7893035
10778935
1415732
4641205
1491123
4111941
1415408
1986320
4115653
1374028
2040079
6556213
6638353
6815987
1987655
6557866
4110847
1533140
4119495
4635296
2068465
1495192
1485608
4727095
4679841
4635264
2549043
4113131
6557785
2001101
6643028
10782535
10704376
1493919
4678503
4116096
2240193
2092576
1490392
6634748
8801377
8778653
4727766
7846028
6637182
6641496
1984327
4692476
6658746
6963890
6947115
4105033
6676670
7348821
1323994
2039516
4105077
1366309
1461073
1473071
8665594
43816
7884030
8787568
2059075
1357974
1356508
6105776
5188858
6189272
5479088
4960468
6518651
5430377
6840757
1316706
1416116
2003502
2222909
4735856
6626934
1353373
1545403
6953836
6567712
10782543
6634742
11513122
4695439
2256818
2078662
8788112
2172264
6557466
6568141
2551391
2002449
500049854
11281582
1558618
4119442
1330461
6702137
6027948
1488366
11604374
11707179
4121054
1836012
1490422
4727024
4115910
2877282
4640376
4110244
4680361
4121074
6647442
6391093
4698991
5979172
1490551
4103149
6645133
6641772
6445711
5488764
5723
15082
4107883
3595193
4694167
6644919
6529894
5248932
4878523
6272787
5924412
8475343
5829891
5862837
5394565
5374738
5707279
7854231
6508553
5671251
5113114
5889936
7000507
5670395
10983966
7060335
6245367
11296835
5811223
5993602
5253380
5272297
5997080
6170577
7354126
8253476
5898606
5101103
4922200
5152132
10206170
8853942
4893905
5111277
6419161
6506718
8238797
5350847
6160970
6017967
6183065
5853485
11299235
4873204
5823214
11460708
5846722
6020522
5745901
5408610
6253629
5164410
6483151
8746310
10202183
11684357
6386346
5396651
6368830
5375336
5758727
11597084
5759922
6448959
6195314
5671941
4788989
6507434
11297314
5777114
5288162
5718999
5491428
3595182
5096128
5717857
5671360
5282051
5263119
6503134
6391141
6215510
2869642
5704021
6549204
6344980
6123538
6506414
6076208
6447696
6180828
6347252
6412452
5854959
6185239
6232456
6299467
5817478
5595012
5822434
6142930
5420160
4811369
6182701
5902143
2876849
5803042
11647494
9116431
5962531
6070112
6115908
5933862
6355134
5599553
2879550
5505961
6225365
5450214
5811266
4982842
5732065
6364384
3629754
6412999
3203475
2879553
6143116
6353293
6294807
6418994
8778422
5676325
6300529
6416529
5281053
5555152
5083855
6072517
6270923
7298367
6548438
6493901
5190893
6496120
5976395
43375
5180646
5532530
6461168
5766980
5741359
6153982
6158839
5981107
6546271
6283440
5505560
5677868
6112222
5469337
6527824
5317109
6024629
5925403
5723147
6146995
5961133
6097098
5675106
6041707
6018930
5041150
6321852
6525664
5016743
5996649
5824240
5724559
5384628
6170611
2671392
5813349
5538727
5500423
7255203
6220897
6368841
6378626
6097549
6396578
6507478
5125802
5953682
5986941
5903946
5512809
6125766
6194981
6486676
6198732
6119738
6058323
5723017
6432088
6352041
4767671
6101703
5334174
5878936
6309870
6018174
5870865
5608433
5469585
6200938
5842270
5306536
6289855
6408944
5355212
6114721
6516453
4926468
5490881
8467931
5240350
6276110
6333694
6108440
5792063
5470455
6217910
5130464
6198084
38858
5736412
11298210
5507381
6275090
5253388
5769111
6111224
5977850
4881847
4785268
6519352
4741523
39664
6208024
6108791
6144596
6193344
5151822
5400018
5406240
5687379
6442986
2876852
6341278
6229767
5060775
5391887
6330200
6386237
6257802
6436016
6250257
6051735
6470542
6505548
6501458
29267
32656
6088976
5040567
5012112
5142130
6178423
5931771
5372454
5728057
6109025
4952943
6155566
6388319
6474071
6026294
6406170
13011
6116885
5753463
3429170
5083599
6321481
6373922
6365131
11630705
6226095
6026648
6528673
5191693
6221129
5249258
7504847
6088879
6317380
6258389
5757856
5781591
5741696
5641942
5841624
5806073
6071400
6181219
6507888
6399756
5584575
6229227
6056005
6418700
5193698
6256911
6324351
5444689
5360894
6429833
6140947
5713657
6508952
6529970
6406360
6156477
6323342
6209177
6544779
6501889
5266655
6088045
6111170
6219187
6538847
6022373
6312817
5413980
6316636
11459567
9172408
6929831
6498175
5376920
3316
6471100
6333219
4623
6304872
5077773
6225466
6277216
6420234
11460532
5335427
5898214
5194137
5266608
5376115
5694764
6448441
5942823
6091297
6361682
5705739
5192043
6139265
5336088
6530545
6287953
5346106
6324987
6345331
5128103
4835887
5659305
6316496
6286380
6400286
5497629
6010956
44032
5805246
6424969
6223347
6257987
6440822
5700038
5869808
5807643
5359955
5626863
5411503
6310818
6339920
6254360
6462393
6481499
6399765
5862215
4781485
6347337
6495546
6302591
6095570
5770680
4817927
5229571
5901519
5897885
5913001
6119895
5969772
6195417
6269853
6452524
6371780
6486145
6483170
5933619
4005972
5898469
5509878
5806899
6141549
5990222
6273478
6240798
6448381
6352343
5491355
3429178
5234581
5260216
5263539
5380713
5242511
5848676
6267224
5957001
6281405
6490831
6355108
6293154
5713124
5667807
6209161
6156666
5375044
6439727
6497205
6362621
6443672
6020317
6405997
6200545
6311891
6402150
6270122
5725414
4841129
5001340
5122460
6466838
6472876
5830377
6326526
6389051
6258760
6197662
6531978
6279395
5925545
6402391
6468337
6229800
5508713
5565518
6278271
6186675
5936315
5255052
3429175
6184453
6257884
3429174
6277416
6257968
6358390
5901090
6510588
6280158
6406837
6471814
6464659
6373964
6344847
6444285
6454285
6539568
6543751
6145567
6075222
6223425
6125956
5530806
5589178
6452620
5489182
6337395
4790902
5704304
11297271
6219829
5131728
2879852
10143
5703999
5934751
8745626
5694083
6294166
5303397
5794283
5524750
5512315
5833821
5795469
5131881
5209774
5427427
2879855
2879853
5025196
5655709
2879548
9220845
6221762
5831430
8306999
9161739
5790030
5833471
6339970
6509188
6407504
6507719
646
1487388
14503
4319
1369751
4728183
4111460
4119818
1511476
4110402
1644120
5327796
6568149
6569490
4106738
4117733
4121623
9914
1321223
4119497
2000517
6436693
6449959
4117409
4681613
4110886
1376419
4116490
1487096
4112474
4118932
4104982
4635279
2663274
5675711
5170524
1815
1491344
4112435
4114391
31213
5786468
3623837
5373592
5670868
5403157
9152618
20864
5347164
43809
5701250
5871165
5396442
4822840
5830966
5314350
6028592
11714826
5774733
18281
5804994
4822531
5070969
11597735
5239357
5827894
5448021
5621742
6015638
5391227
4936970
5232441
5550450
6373532
6112718
5089319
5158497
5581741
6160973
6025703
42874
5916489
6383881
5597762
5395006
4751625
5741619
7913809
1490945
8586794
6419304
4107056
1984305
2471763
4119786
2551940
4107677
41895
5484845
20756
1490904
4121056
7870456
2185849
2044843
7482271
2179611
4692008
6252780
6359791
6815518
6638663
6639813
6701204
5248559
4640420
6432191
1489500
6702194
6638763
5837083
5048642
6169021
3661239
6072266
6097784
7298335
6300645
8448863
4111438
4122570
6644166
2570710
5204446
5485877
5961449
6507590
8628527
38010
5830218
5751241
5916679
3629854
5051837
31259
21493
5958014
6163060
6021751
8468850
5481097
6021696
5776400
7000161
5715045
10308193
5761488
4965329
3629733
6484144
5049775
5672937
5040566
6213985
5746910
5650175
6020695
6548567
5080145
5752823
5508573
3997371
5027658
4888238
5089159
5261585
41237
16460
11590
20557
5889620
5846053
5674052
5829845
7253293
6140739
6196814
6310334
5175965
5317294
5334122
5259731
5226650
5374621
5373141
5585181
5674912
7000596
6534028
5125296
7549162
5228378
5273943
6028162
6089394
6229431
6258738
6423953
6378565
6429574
5876090
6027429
5995949
6016877
6020148
5829575
5978712
8543632
8235319
10245149
11597504
44992
6316531
5704558
3464772
5689207
6373957
5740852
25139
6021920
5513790
5425700
5222888
5631432
5262421
11715625
6253671
11702810
3629896
5842251
6267367
5906919
10212673
7122962
10202579
5340929
6129417
5758684
6502983
11299252
2879307
5327712
5372347
5806634
5667858
5187751
8232885
5799701
4836553
5057497
5225659
4886112
5324204
5181059
5277955
5014561
5076225
4763420
5019711
5669946
5769221
5727047
5765583
6072971
6021857
5930095
6016164
5735490
5491375
5581867
6319867
5668702
5591400
5417761
5421946
7188391
6392796
6346454
6366089
6410741
6369854
3629945
10209287
11461652
11762068
10207893
3871795
5740
41596
5506044
5757193
5889838
5591331
7336280
5673914
6262257
5968534
4802713
5991630
5027961
5321906
5584896
5513078
6458490
3933508
5049094
5795293
5394314
11702979
5761471
5984453
6267415
4938949
5573235
5790227
3448802
5227515
5344464
4886749
4810994
5126095
11461156
5489692
8464
5504452
6021228
7000504
7000129
10319343
11300174
5765521
5751133
5899798
5993840
6338612
6317545
6441822
6523842
6409607
5408496
5306262
5392769
5357008
5789001
5797868
5714865
5762272
6106750
5443033
5483936
5504273
6020340
5681805
22127
16308
8557
11860597
11459792
11685946
3629890
11597876
11989662
5670167
5774071
5938144
10355094
5580698
8459
6027841
5729118
32383
6008944
5752359
5196570
5969047
11677688
7021332
6028539
10204020
5889841
9240953
5310445
10212276
5681509
5227786
6300692
5422309
6024989
6015459
5751664
6267185
5119475
5230061
4880227
4903236
4905850
5214118
5361666
5931719
6145633
3383820
11298545
5097942
5229833
9138726
11700829
11912976
5577511
5374184
5425783
6367394
6189129
6373092
5261710
5371929
6156037
5812219
6074459
6043883
6115120
6125575
5834688
5751705
5781152
5715202
5834857
5869387
5972857
8491527
4886693
5421069
5813844
5491076
5419543
10210185
33052
2879712
8613339
11925095
9108432
8603910
15540
5906013
5876450
5592205
5064972
4755092
5751894
10201651
11460483
5580866
8468842
5802690
6473986
5331345
6008640
22947
5235163
10201920
6019506
6122791
5526186
10063840
5204655
5888570
4923072
6317575
8293162
41786
5673912
21641
5751106
5389636
6285908
11931006
5680930
3933541
5350862
5956856
40869
6021449
6164238
41310
11703856
11462560
6259899
5582621
5999152
10319289
5942927
6014903
5195418
5204622
5076922
5317501
5510262
5754704
5853565
5979010
5348030
5371108
5409585
5867169
5793095
5835082
5668365
5558029
6347324
6359378
6383874
6450272
5964147
5919279
6008661
6269290
5457059
5417598
5647769
5374158
4905864
4913861
5075956
5426542
5394870
5600993
5382986
5142669
6327978
10220105
10201933
5923444
5799598
10209656
10282072
5736125
6273309
10222565
2879447
33243
11476763
11597262
5980162
5741994
6474130
5829679
6142704
7655228
5833807
6493486
5822078
5429173
5593227
5491996
6994601
5388741
7000310
5905214
6083220
6219915
6293891
5410297
5812043
4911521
5888382
6394306
5317155
6316196
7249345
5843943
8263501
5340547
4925634
5420397
5798219
5889514
6125809
5592620
6278349
6364389
5959161
4806909
5673868
5769427
5200659
5235125
6177659
11234701
4954191
5757699
5915746
5391256
5682064
6051239
6496000
6000168
5121716
5198823
4833292
5221511
6272824
6249028
5242911
5998028
38012
10282
5089190
5538973
6092999
6119417
5412699
5470814
6273292
5791963
917
11704383
5532114
8687014
4814329
6118186
8325679
7879712
5831023
7044651
6538241
5247247
5831299
6020351
6435056
8270455
8739625
6197741
5797726
9261477
5324104
4874564
4969969
7627679
7097570
6509219
5671169
5554824
5977315
8648481
5410253
5714944
6101802
11462970
5675975
5401754
4753390
5483474
11460380
4727055
10834402
4640619
22420
1511756
6619
4115834
6568694
5390354
6529798
10244229
6252825
5999211
4118221
44159
26630
2572027
5362502
2071792
4639324
4701332
7842102
27719
1984777
6497606
7617228
5545523
5940693
6431688
3652269
4112384
6648522
6653307
3211
5246604
5081854
6161580
5349983
36722
5902384
6025401
9571428
5950247
5246598
4888516
5564592
18052
6027973
5748965
6903229
11462803
5680405
4828724
5787649
5889863
6458466
6020544
5424879
5180794
10206852
5867243
5663027
5561640
5420783
8713585
10210326
6003428
15744
6376477
4112500
2166328
4683902
2012067
6642838
1405891
6108896
4111616
6658887
4697148
4688203
4118260
6503701
4699463
4103293
4680558
6279432
6294690
6495310
11460940
6465863
6509947
5206897
6146505
6639
6276911
8757070
4910664
6420729
5785
5281349
6164868
6280976
6065624
5278088
6286394
8000387
5766576
6484442
6463874
5090256
2986
6206417
5041677
4782520
5191636
5073497
5270452
5172819
5741590
5752275
5743483
5748202
6552255
6212560
6095004
6224484
6036182
6147985
5125640
5219162
5259044
5506861
5594168
5676016
5653912
5537976
5467987
6483240
5428406
6226446
6266353
5985984
6132045
6171683
6278263
6323451
6228032
6389456
6285856
6285164
6250270
6289713
6414473
6447946
6505960
6392307
6423344
6428443
6405216
6461288
6485037
6425703
6492327
6520053
6292236
5843959
6042594
6041996
6054623
5995785
6045339
5997490
6039588
6076356
5997165
6245272
11297041
11299189
5383689
11296934
6253688
6124079
6458780
11298160
6108138
6103400
5350334
5314899
5233750
5173626
5197391
5097271
5026258
5153323
5503296
5757649
5819164
5922865
6143018
5983467
6057805
6051377
6043247
6142086
5977272
6129618
6191360
5499459
5522046
5628711
5696670
5803003
6482401
6474384
6543501
6194396
6205812
6324710
6317163
6245095
6258586
6247106
5585004
5537381
5443094
5533051
5486496
6512427
6316257
6220524
6356959
6426622
6259554
6255334
6108990
6282255
6286854
6344867
6520472
6469449
6441250
6394885
6373722
6350439
6246399
6438631
6500408
6477193
6538729
11700889
6117689
6250799
4837590
5072555
5068151
5112034
5324824
5244980
6167679
6135740
6196047
7268565
5898553
6421837
6027791
6060792
6220015
6281419
6404597
6402862
6484304
6330233
6470769
6425610
6453459
6382128
6374690
6479215
6289873
6260003
6525478
6530020
6450948
6478084
6538613
6548372
6548318
6473536
6479511
6395989
5462022
5553940
5474656
5415281
5469873
5576371
5560634
5570571
5505284
5682274
5661605
5716190
5847977
5730890
5631612
6074437
6028560
6045278
6017702
6051682
6211618
6026218
6080494
6147665
6315426
6144050
6304663
6278099
6175698
6277619
6107836
5414552
5591353
5552783
5439233
6285947
6510923
6285219
6899295
6284809
11697175
6276527
6478717
6402542
6356906
5162822
5206690
5270704
5283921
4778101
4928242
5177222
5090016
5049213
5992326
6356167
6465480
6419104
6394656
6508663
6022984
5670557
5850762
5789258
6316050
6213327
6246914
6242023
6303847
6222524
6256038
6266602
6227120
6172317
6239038
6545151
6433600
6519119
5760799
5586914
6056008
5872967
5839973
6131523
6134845
6170895
6165170
5983771
6263930
5995786
6040181
5843855
5872180
5871019
6006048
6063521
5698043
6415210
6443754
6297373
6420664
6538075
6427749
6461933
6359939
6497198
6477420
5828592
6456532
5485671
5471915
5541115
5434826
5596854
5019681
5128482
4760477
6172988
6242134
6238986
6247554
5078591
5352664
5248436
5157116
5175815
4791299
5428833
5350640
5349475
5802839
5759676
5757248
5775223
5905267
5892778
5410819
6210929
6094176
6306061
6360390
6425977
6484033
6426623
6448643
6464239
6404040
6344956
6329374
6427338
6510035
6470018
6510658
6504215
6528193
6517395
6114677
6037635
6045864
6098007
6149339
6064505
6097306
6027015
6089053
6041440
6056209
6060484
6143035
6294022
6287937
6278669
6279393
6277361
6274299
6086473
6108589
6193877
6072423
6313751
6340905
6341254
6229952
6166240
6244606
6172568
6370801
5568512
5745654
5572537
5043988
5462724
5536081
5437118
6225429
6240555
5845732
5995350
6232680
6205529
6178090
6189385
5385872
6099072
6507180
5194952
5086402
6133540
5152065
6306596
6286193
6483973
6547630
6521119
6481538
6443877
6008104
6517142
5371651
5985114
6075077
6192596
6250035
6027308
6106918
6167962
6485209
9091159
5155477
5196622
6227821
6266777
6508745
5338023
5818516
5767064
5388706
6499433
6440491
6272197
4870566
3661360
6150629
6098512
5958299
5899862
6331418
6507473
5377986
6378305
6298385
5791438
6445707
6541925
6237661
6242955
6213569
6986947
6324937
5252262
5696526
9071406
5485718
10891331
5835267
5707819
5440305
7577552
5598789
5215023
6541173
5408311
6478834
6288701
6404962
6474887
6495835
6274255
6286276
6506676
4115821
2008892
4638081
6661712
1492182
4642491
1987890
1489370
4642873
4114318
6142028
1984906
2198436
4698952
1486346
5924451
1558858
6701006
27506
1490389
6220778
6121951
6273779
6701381
7750087
1489501
6018775
5426650
3705806
5993105
5798603
28012
4924346
11896443
6526624
5269180
3582305
5631626
10255460
4692875
6517121
6028859
5621857
6120168
29872
10209207
6119345
45594
3624563
8508391
5819719
6517072
32185
5914667
5750388
8700231
10201262
8254736
5388236
5943873
5385282
5248323
6418461
5904319
6450273
9337693
11234658
5470796
8986
11460038
5861337
3625134
6903588
5630097
5841802
5817874
8629542
5999285
10215738
11962433
6027075
9105750
11461701
5406158
11703275
10223364
5623620
5781243
11338
5430913
5498761
10345119
5552389
5734131
5855276
10202423
4807611
11596935
4487
5987455
6260241
6415349
4923398
11285059
6137509
5321815
12032
6358184
5180674
5183033
6370693
5350391
5568028
5124249
5943410
5751972
5791747
10205147
3154585
5668404
10376
5346381
5322002
5357021
5546717
5988632
5230075
5981194
8662515
5832539
5853101
6027726
11604504
5897832
6018468
10938751
5935211
5742920
6029740
5808610
5510337
5888548
5101790
5394442
6015366
5738606
5779941
5833055
5944497
6017393
5981091
6018714
5603702
5511972
10281217
31445
8447497
11598030
5681110
5591311
5316327
6020504
31669
5431368
5670824
3923973
5372853
11655538
5812119
5486465
6171543
4109287
2357655
1681041
2416712
2470697
1488613
1479613
1495833
2085158
4697417
1471906
1385402
4105886
1622652
4638778
2196248
1415169
2556392
1985035
4689664
4716899
1472079
4112371
6652354
4115575
4103687
4699841
1338155
4634025
4635402
4108591
4682481
4683448
4104458
1487378
4118936
4111656
4727448
2550799
6568665
1992269
4635109
4706597
4638531
6556390
2555377
4640581
4640904
4678501
6701134
1488451
4634233
4104041
1491416
1485542
4115424
2371988
4117071
1488817
4693250
2344038
1465473
1490841
4116944
2022092
4699036
4118804
4108984
2532004
1491775
4692387
6556591
6641378
1491530
1327543
4116784
1490840
4634459
4724354
1492228
4642537
4116511
4696284
4121405
4680125
4678689
4680118
4117104
4116300
4642755
4703449
4119762
1370285
4723810
4105723
1322320
2457303
2014288
6556666
1416559
4109076
7860033
1418059
4691098
10691632
6949523
6948362
1488869
6701207
4108439
4678578
6569606
4728017
4699035
4122942
4688172
4103738
4111425
4699929
4106179
4684593
4727642
6647295
4691587
4104901
7871149
6638367
6701712
6637191
6949539
2061258
1473823
1756705
4635437
1485987
1339521
6569524
1485869
4728298
4123385
1485972
1422186
4640952
1493827
4107672
2544692
6636971
4634304
2551611
2563137
4634558
6642847
4688828
6702000
1488815
10694833
8772397
4728543
4116413
6701012
6963865
4727132
1992686
2025068
4115619
1567190
4638270
1341850
6560539
6557654
7670854
500049857
4695615
500049859
6619043
6384513
9433902
8456152
1487927
4105902
1485243
4693674
1984789
4678532
4116521
2046653
4106789
1924497
1347308
1330818
1553822
4105119
1465472
2204633
4686032
4117968
6647209
1986656
1472294
1471501
1485498
2526345
4679299
4110975
1486140
4639647
8786294
1558805
1490851
1381250
1536683
1345729
1559110
1974677
1486130
1374598
4115676
4727780
4119405
1313300
1361185
4684432
6557659
4120849
4105889
4700402
1984410
6638716
7847139
4727848
4107378
1486361
4640590
4105175
4112824
4727353
4105740
4119365
4108428
1487497
1375167
4122220
1464730
1488102
4112754
6639911
1487552
4699963
1489560
4694942
4115134
4123402
4635606
1484583
4106415
1558827
4115792
4114645
4114766
4104559
6953010
6639918
8777543
6640089
6702514
1559027
6953837
4117773
4105048
4641628
1491290
6629315
2294586
1488633
4106894
1346168
4683157
2092894
4728203
1347159
2166753
4680470
6700553
4112286
6960150
1355680
6644221
1558755
4691988
6641676
1369704
2122761
1486803
4693787
1486672
1485202
4108510
4709836
4119817
6568755
1329951
1489694
4120817
1899784
4116501
4689925
6816295
4119215
6639833
4117106
1488352
1901493
4686126
4112935
4118552
4684258
1932142
1319625
1753782
4115924
1351087
4695334
1491515
6649487
4692662
6640080
7853724
1347381
4692425
4683100
6930377
4640117
4691884
1487266
4691436
2554152
4108047
4109516
4117440
4727468
4700481
6557296
4683200
6635164
6947082
10740312
6644109
4633948
6638423
6966243
4715028
4700425
1984873
4114773
4120936
4634273
4114527
8794665
6619514
1489687
1489161
1493947
4123298
6956925
4105879
4106038
8106652
4108058
1324268
1493931
1487030
4682996
4678625
6631343
6556008
6631970
2274485
4112903
4104247
6560261
4122291
2244324
1385523
1485616
4695186
4701172
6635623
4727182
6637260
6945000
1487159
4681342
6944559
7865461
6815430
4642572
4112543
4112710
8782576
6641762
6949590
6701765
4681754
6568140
4106819
4120049
4114042
4109202
1486641
6557770
6556544
4691971
4639675
6567946
4113070
1487167
4107192
4683243
4638608
4116961
6555890
4116406
4697103
4634575
4108650
6556034
4714972
4691646
1492115
4680957
4692081
4678900
4639068
4727870
6643040
6960142
6640257
6966530
10722075
10719003
10720792
10778894
7879839
6702408
10745990
4727677
4681261
4691442
10719368
7852151
10776417
10720828
10725677
8764604
6636923
4700748
4117254
4691980
4727749
4727762
10780679
8772262
6635245
6644242
6960702
7892394
6702130
6556283
4106869
7874772
4691636
6635569
6700995
6643067
6634540
10720818
10691586
4679239
6568695
4727033
6644739
4639209
4117654
6961758
6948308
7865474
6557302
7860068
4111391
1710565
2365080
1487845
2563357
4107979
4115959
4635011
4119042
4106526
1650940
1667541
5844248
1486070
4638156
1486699
4639590
4110645
1355669
1339616
1485516
1485442
1360155
4109090
6644105
1645504
1485644
4114429
4109365
4639994
1487608
1319000
8106657
4640592
4639336
4699943
1486127
1486703
1486474
1490996
1492075
1911589
2187907
4105125
4114687
1490968
2531762
1328887
1316504
1327367
1479895
4105312
1486227
2017751
1991853
1986748
1372977
1925547
4104221
4108036
4111173
4123189
4118321
1488908
1489230
4117497
4727654
4117498
1492419
7853731
1360315
2098098
2382811
4108615
7874999
4683911
4109819
4728202
4634281
4116098
4114428
4634616
4105946
4106040
4108507
6568879
4638630
4103465
6638220
4641485
4634681
4638785
4115983
7865476
1367056
4115409
1994383
1357270
2233829
1486078
2423959
1489541
2345826
4116520
1427054
2196042
1485047
4104154
4681724
1485749
1463776
1558591
6647407
1488747
2046278
1519074
1321613
1489726
4109995
4119172
1487050
4114935
1491453
1485072
1491672
1489328
1485098
1485505
2235294
1986497
1491066
1362239
4683376
8106758
1376170
1834649
4110367
6559216
4109338
1421434
1345059
1479560
1491239
1479881
1987123
2012801
1531419
1319398
1327823
1423203
4106136
4109433
4728152
1351990
4639542
1859453
4728077
4727316
1879359
4688723
4114464
1487093
4104027
1492189
4110934
4684333
4106657
4116166
4123327
4115937
4694935
4634396
4111904
4106440
4679542
4122937
4642145
6700942
1491957
4684136
1488933
2044368
1491638
4695174
1484811
6559417
2253281
2571399
1376248
1485803
4110411
2058479
4634118
4699114
6647358
1491255
4109940
4107768
4105851
4694123
6569501
1493727
4109547
1484858
1416156
6965693
6248437
6002727
10202546
5695185
45585
1337461
4639717
6449477
1490907
2523474
4115211
6380363
6325595
6226982
4642862
1558759
4103146
4108706
4635888
6647446
4104799
4642857
6459115
4112318
6115723
6126140
4687636
4120979
4107070
4683079
6647188
5621326
4798886
5483116
5316594
4843612
6224995
6022133
6097435
6240531
6410986
5747926
7613222
5428879
6121955
23427
6529098
20729
6276068
6286598
6506312
6319963
6168274
6475957
6482545
4115193
6653362
2238154
11870971
5674064
2985786
10203592
27972
3652250
5150754
5628758
6510857
5489354
11869906
28835
5498174
9186162
6019572
5824636
5423977
5681936
34004
6200275
5458034
6903192
6123143
5586953
9328
5684097
6229729
5371953
10209225
5007
8876
5940662
5996073
5649146
11927056
8786559
5746713
5049729
5945512
5068017
5728660
5830731
6527418
5324210
10171147
5814868
5321669
2109
5342801
5467933
8253327
5747932
11460807
5568655
5367488
5671410
5247514
31513
11470887
3629814
5113303
6308195
6152779
6402858
11462870
6551240
6268270
3652286
6196182
15987
11450656
5019833
5751759
5339380
5476427
8256017
5790294
15097
5253832
6020845
6285103
5361820
5575934
6307930
5391450
5829814
5688358
4820095
3843003
5453102
6015058
5260606
4836927
10216853
11659218
6272667
5124964
4115232
3625890
5807740
6518239
5047721
7034370
36947
5508237
5987082
6236549
5820481
4115518
1320751
2003079
1986688
1992599
1486523
2162816
1609298
1989749
1488044
1920340
4111080
2202201
1423129
1319363
1490816
2016164
1906801
1485743
2114696
1329702
2032354
6647364
6647436
1987277
1517322
4117033
1486763
1491171
1984901
1813485
1489253
4635289
4104338
1486440
4111561
1485005
1837490
1485923
4111236
1529984
1342153
4105974
4681100
1338290
4108542
4122673
2553962
1379760
1386338
1337967
4103768
4105828
2502616
4638170
1341859
1392547
1490338
1363830
1418563
2448039
4680145
4116606
1326080
1987234
4106161
1486395
2351412
4117982
4635092
4696787
4699698
1981075
1356730
1334587
2023569
1484985
4109157
4115823
1484795
1493906
4642494
1485027
1486088
1558782
1487989
1487197
4115122
1488826
1490940
4635530
4117111
1485364
4112070
4634408
1485636
1489863
4689892
4638508
4110054
1722222
4634598
4635669
1486926
1491708
4104303
4728455
4103073
4679071
1488074
1490844
4700315
8792960
4122985
6557311
6970630
4727005
4113496
4640190
1470603
2023928
2172702
1346633
1332106
4733473
4696476
1558658
6632856
2353654
6635341
4722886
1486647
4695452
4115141
4110883
4123420
4110178
4112271
4107506
4114137
4635397
4111357
4104439
1487133
6556299
4680095
4118432
1485945
1486095
4120630
4680438
8701555
6638551
4110790
4113068
4700318
4680149
4696385
4108002
4684844
